3321
4884
2122
3313
5232
3132
3391
3365
1151
5324
4541
3344
4442
3111
3112
4512
5613
3333
6231
8132
4231
3326
3329
6223
5511
5239
5615
8139
6244
6221
5418
3211
4235
5412
5622
5612
4451
5191
3254
3212
4411
4233
6232
3352
4483
7224
3219
3361
5242
4244
4851
5221
5629
4533
4234
4238
4911
7111
7131
4441
2111
9211
7114
5241
8133
3119
6241
8129
8111
3221
4237
7223
2213
5313
6111
4422
7139
3335
4421
4831
2212
4232
4883
6117
2389
3363
7213
4885
3371
9241
2123
4511
3351
4412
1121
6216
1125
5621
3345
4872
3379
3118
2361
9231
5416
3314
3122
3369
5322
3131
3336
2121
2372
6215
3353
3149
3399
3121
3256
3279
4821
4859
4241
4452
3259
9261
6213
4853
5231
4841
3115
5112
3152
6233
1122
8121
7212
4812
3151
3325
5173
1111
5321
8122
2373
7115
1119
4871
4855
3253
3332
3362
3241
3261
2131
3161
3341
7112
4543
1123
7121
3334
5619
3159
6114
5182
3252
8141
9281
4243
5323
7211
1152
8123
5331
5121
9221
4862
1142
3251
5311
3324
4881
5151
5174
5413
4539
3342
3255
4249
4852
3117
1141
3322
5251
5211
5312
5223
8113
5179
4842
7225
1113
4882
3141
3114
2382
5411
5222
1124
6116
4869
6222
6239
4246
4811
3328
3162
7113
1132
2362
1112
2371
9251
5414
4431
6243
6112
2383
2379
3116
3169
4879
4413
5419
3133
2211
4453
3366
8134
1153
4542
4532
5417
4239
3312
4248
1131
6212
5616
4242
3327
3346
7132
5415
3274
3315
4481
1114
4854
5122
3364
3262
4931
3359
6242
4861
4471
3311
3222
4482
3339
5617
6113
4832
3331
4921
8112
4461
3273
4523
6211
5111
4247
3271
3343
4522
2381
5152
3372
4245
9271
3113
4922
4236
5259
4889
4531
6214
8114
1129
3272
3323
6115
5611
8131
1133
6219
5614
3231
4251
